----------nginden-------------
posisi -> 	-7.292302, 112.776926

-7.291068,112.775152
-7.295133,112.775013
-7.295644,112.778564
-7.291228,112.778339
-7.291068,112.775152

--------klampis-------
posisi ->  	-7.283987, 112.772373

-7.282780,112.771898
-7.283025,112.773464
-7.285249,112.773196
-7.285079,112.771608
-7.282780,112.771898

------------semolowaru-----------------
posisi ->-7.301481,112.779269

-7.295642, 112.772934
-7.295961, 112.786410
-7.303964, 112.786410
-7.304603, 112.776582
-7.307625, 112.776239
-7.306433, 112.773363
-7.295642, 112.772934


--------semampir-----------

posisi -> -7.208379, 112.746312

-7.204036, 112.736870
-7.198288, 112.756944
-7.211359, 112.760903
-7.224387, 112.758071
-7.223791, 112.738415
-7.204036, 112.736870